Reacoes de apoio [N]
[[ 7.14285714e+01]
 [ 2.14285714e+02]
 [ 1.13686838e-13]
 [ 0.00000000e+00]
 [ 0.00000000e+00]
 [ 0.00000000e+00]
 [-7.14285714e+01]
 [-7.14285714e+02]
 [ 3.41060513e-13]
 [ 0.00000000e+00]
 [-2.27373675e-13]
 [ 5.00000000e+02]]
        
Deslocamentos [m]
[[ 0.00000000e+00]
 [ 0.00000000e+00]
 [-3.34199595e-05]
 [-2.97619048e-06]
 [-9.34442600e-05]
 [-2.97619048e-06]
 [ 0.00000000e+00]
 [ 0.00000000e+00]
 [-3.10390071e-05]
 [ 2.03664422e-05]
 [-9.34442600e-05]
 [ 4.86301722e-05]]
        
Deformacoes []
[[-2.97619048e-06]
 [ 0.00000000e+00]
 [ 1.70916252e-05]
 [ 1.51756533e-05]
 [ 0.00000000e+00]
 [ 2.97619048e-06]
 [ 0.00000000e+00]
 [-4.20896894e-06]
 [-2.72241677e-06]]

Forcas internas [N]
[[-125.        ]
 [   0.        ]
 [ 717.84825865]
 [ 637.3774392 ]
 [   0.        ]
 [ 125.        ]
 [   0.        ]
 [-176.7766953 ]
 [-114.34150424]]

Tensoes internas [Pa]
[[-625000.        ]
 [      0.        ]
 [3589241.29325747]
 [3186887.19599549]
 [      0.        ]
 [ 625000.        ]
 [      0.        ]
 [-883883.47648319]
 [-571707.52119936]]