Reacoes de apoio [N]
[ 0.00000000e+00  0.00000000e+00 -3.35360173e+00 -2.26992167e+00
  1.77635684e-15 -8.88178420e-16 -8.88178420e-15  8.88178420e-16
 -4.22619644e+00  5.45707615e+00  0.00000000e+00 -7.50000000e+01
  0.00000000e+00  4.44089210e-16  1.77635684e-15  2.66453526e-15
  7.54951657e-15  8.88178420e-16 -9.69308087e+00  1.49040915e+01
  8.88178420e-15 -3.55271368e-15 -6.21724894e-15  1.77635684e-15
  0.00000000e+00  0.00000000e+00  1.69047857e+01  5.64331444e+01
  3.68093294e-01  4.75609612e-01  8.88178420e-16  4.44089210e-16
  4.44089210e-16  1.77635684e-15  0.00000000e+00  3.55271368e-15
 -8.88178420e-16 -1.77635684e-15  3.55271368e-15  0.00000000e+00
  3.55271368e-15 -4.99600361e-15 -5.32907052e-15  0.00000000e+00
  1.77635684e-15  0.00000000e+00]
        
Deslocamentos [m]
[ 0.00000000e+00  0.00000000e+00  0.00000000e+00  0.00000000e+00
  2.70944192e-08 -1.09581935e-08  2.80089272e-08 -1.46171464e-08
  0.00000000e+00  0.00000000e+00  4.81106205e-09 -6.93993312e-08
  3.03839495e-09 -3.53413422e-09  2.23550295e-08 -1.31646749e-08
  1.93133369e-08 -6.22191262e-09  0.00000000e+00  0.00000000e+00
  3.40301177e-08 -1.57149100e-08  2.56965910e-08 -6.02764032e-09
  0.00000000e+00  0.00000000e+00  0.00000000e+00  0.00000000e+00
  0.00000000e+00  0.00000000e+00  9.10388773e-09 -1.40217888e-09
  1.21443828e-08 -9.20899796e-09  2.51847881e-08 -1.16616135e-08
  2.54863002e-08 -1.04878265e-08 -1.60997959e-08 -2.60472721e-08
  2.20458874e-08  5.94861800e-10  3.03794140e-08 -3.05557999e-08
  3.01798092e-08 -1.37117935e-08]
        
Deformacoes []
[3.79922844161265e-08, 3.803351916888774e-08, 6.013827563674471e-08, 1.0416908353971933e-07, 1.1431350497350169e-08, 0.0, 3.800618878936886e-08, -3.768901523971606e-09, 4.024948986800489e-07, 6.243776366278411e-08, 1.0416908353971912e-07, 0.0, -3.1026157064072454e-08, 1.671495279718563e-08, 3.089250970501717e-09, -5.097749136243211e-08, -8.50642236318205e-08, -3.106972192777302e-08, -3.2867636834811763e-07, 4.1742386043922015e-08, -8.506422363182027e-08, 0.0, -1.4319348804882665e-08, 4.774975643948711e-08, 4.470405989932806e-08, -6.338804702344425e-08, -1.1436553838587633e-07, -1.9942976201769684e-07, 1.6433818417405905e-07, -1.6433818417405866e-07, 2.3045882521987185e-07, 0.0, -1.3436462962096196e-06, 1.4539460158805135e-07, 6.033037795623093e-08, 9.346114911711847e-09, -9.346114911711827e-09, -9.346114911711724e-09, 9.3461149117117e-09, 6.263656190979429e-09, 3.7315187034380806e-08, 6.835799885342311e-08, 0.0, 0.0]

Forcas internas [N]
[  1.59567595   1.59740781   2.52580758   4.37510151   0.48011672
   0.           1.59625993  -0.15829386  16.90478574   2.62238607
   4.37510151   0.          -1.3030986    0.70202802   0.12974854
  -2.14105464  -3.57269739  -1.30492832 -13.80440747   1.75318021
  -3.57269739   0.          -0.60141265   2.00548977   1.87757052
  -2.66229797  -4.80335261  -8.37605      6.90220374  -6.90220374
   9.67927066   0.         -56.43314444   6.10657327   2.53387587
   0.39253683  -0.39253683  -0.39253683   0.39253683   0.26307356
   1.56723786   2.87103595   0.           0.        ]

Tensoes internas [Pa]
[7978.379727386565, 7987.039025466426, 12629.037883716388, 21875.50754334106, 2400.5836044435355, 0.0, 7981.299645767462, -791.4693200340373, 84523.92872281028, 13111.930369184664, 21875.507543341017, 0.0, -6515.492983455215, 3510.140087408982, 648.7427038053606, -10705.273186110742, -17863.486962682302, -6524.641604832334, -69022.03735310471, 8765.901069223622, -17863.48696268226, 0.0, -3007.0632490253593, 10027.448852292293, 9387.852578858892, -13311.489874923293, -24016.763061034027, -41880.25002371634, 34511.0186765524, -34511.01867655232, 48396.35329617309, 0.0, -282165.72220402013, 30532.866333490783, 12669.379370808494, 1962.684131459488, -1962.6841314594835, -1962.684131459462, 1962.6841314594567, 1315.36780010568, 7836.18927721997, 14355.179759218854, 0.0, 0.0]