Reacoes de apoio [N]
[[  452.92148376]
 [  584.8348659 ]
 [ 1875.7725893 ]
 [ 2274.91653479]
 [    0.        ]
 [    0.        ]
 [    0.        ]
 [    0.        ]
 [ -960.14829194]
 [ 1239.79148196]
 [-1296.85342026]
 [ 1900.45711735]
 [    0.        ]
 [    0.        ]
 [    0.        ]
 [    0.        ]
 [    0.        ]
 [    0.        ]
 [    0.        ]
 [    0.        ]
 [    0.        ]
 [    0.        ]
 [    0.        ]
 [    0.        ]
 [   23.45407737]
 [    0.        ]
 [  -95.14643823]
 [    0.        ]
 [    0.        ]
 [    0.        ]
 [    0.        ]
 [    0.        ]
 [    0.        ]
 [    0.        ]
 [    0.        ]
 [    0.        ]
 [    0.        ]
 [    0.        ]
 [    0.        ]
 [    0.        ]
 [    0.        ]
 [    0.        ]
 [    0.        ]
 [    0.        ]
 [    0.        ]
 [    0.        ]]
        
Deslocamentos [m]
[[ 0.00000000e+00]
 [ 0.00000000e+00]
 [ 0.00000000e+00]
 [ 0.00000000e+00]
 [-1.50027123e-04]
 [-9.94079542e-04]
 [-4.52842768e-04]
 [-1.35139629e-03]
 [ 0.00000000e+00]
 [ 0.00000000e+00]
 [ 0.00000000e+00]
 [ 0.00000000e+00]
 [-2.75379995e-04]
 [ 5.83918049e-05]
 [-4.78890717e-04]
 [-1.08562267e-03]
 [-2.04642036e-04]
 [-4.20002667e-04]
 [-1.59593108e-04]
 [-3.98881849e-04]
 [-3.18205788e-04]
 [-7.33649965e-04]
 [-4.77798895e-04]
 [-9.65096646e-04]
 [ 0.00000000e+00]
 [ 0.00000000e+00]
 [ 0.00000000e+00]
 [ 0.00000000e+00]
 [-2.34540774e-05]
 [-5.82367641e-05]
 [-4.15757294e-04]
 [ 2.67976178e-05]
 [-6.92114959e-04]
 [-8.19139883e-04]
 [-5.32574218e-04]
 [-1.15781909e-03]
 [-2.41503335e-04]
 [-6.63507147e-04]
 [ 9.51464382e-05]
 [-8.82761501e-05]
 [-3.46155603e-04]
 [-7.06620255e-04]
 [-1.86562495e-04]
 [-3.84725788e-04]
 [-3.90938585e-04]
 [-1.04368150e-03]]
        
Deformacoes []
[[-3.44336903e-03]
 [-3.42922301e-03]
 [ 1.99491384e-03]
 [ 1.99491384e-03]
 [-3.78519556e-03]
 [-5.86351934e-04]
 [-3.45447081e-03]
 [-3.63838604e-03]
 [-2.37866096e-03]
 [ 1.77044541e-03]
 [ 1.99491384e-03]
 [ 4.84981339e-04]
 [ 9.32943102e-04]
 [-1.45216870e-02]
 [ 2.88939305e-03]
 [-1.36957216e-04]
 [-6.51616743e-05]
 [ 2.58523848e-04]
 [ 1.76582621e-04]
 [ 1.36389072e-05]
 [-8.14520929e-05]
 [-9.24636492e-04]
 [-9.48654372e-04]
 [-1.23041487e-03]
 [-1.37622535e-03]
 [-1.81902676e-03]
 [-1.89435323e-03]
 [-1.97580533e-03]
 [-1.37150495e-03]
 [-1.96013698e-03]
 [-2.90754310e-03]
 [-2.98899520e-03]
 [-3.07044729e-03]
 [-3.14349615e-03]
 [-1.59613424e-03]
 [-1.59613424e-03]
 [-3.14349615e-03]
 [-3.29111581e-03]
 [-3.43163101e-03]
 [-3.57244287e-03]]

Forcas internas [N]
[[ -137.7347614 ]
 [ -137.16892058]
 [   79.79655378]
 [   79.79655378]
 [ -757.0391122 ]
 [  -23.45407737]
 [ -138.17883245]
 [ -145.53544165]
 [  -95.14643823]
 [   70.81781634]
 [   79.79655378]
 [   19.39925354]
 [  111.95317219]
 [ -871.30122059]
 [  115.57572191]
 [  -60.26117482]
 [  -65.16167432]
 [  113.75049326]
 [   77.69635313]
 [    6.00111915]
 [  -65.16167432]
 [ -739.70919341]
 [ -758.92349764]
 [ -984.33189484]
 [-1100.98028373]
 [-1455.2214117 ]
 [-1515.48258652]
 [-1580.64426084]
 [-1645.80593516]
 [-1568.10958203]
 [-2326.03448331]
 [-2391.19615763]
 [-2456.35783195]
 [-2514.79692289]
 [-1276.90739497]
 [-1276.90739497]
 [-2514.79692289]
 [-2632.89264519]
 [-2745.30480745]
 [-2857.95429214]]

Tensoes internas [Pa]
[[-1.37734761e+07]
 [-1.37168921e+07]
 [ 7.97965538e+06]
 [ 7.97965538e+06]
 [-1.51407822e+07]
 [-2.34540774e+06]
 [-1.38178832e+07]
 [-1.45535442e+07]
 [-9.51464382e+06]
 [ 7.08178163e+06]
 [ 7.97965538e+06]
 [ 1.93992535e+06]
 [ 3.73177241e+06]
 [-5.80867480e+07]
 [ 1.15575722e+07]
 [-5.47828862e+05]
 [-2.60646697e+05]
 [ 1.03409539e+06]
 [ 7.06330483e+05]
 [ 5.45556286e+04]
 [-3.25808372e+05]
 [-3.69854597e+06]
 [-3.79461749e+06]
 [-4.92165947e+06]
 [-5.50490142e+06]
 [-7.27610706e+06]
 [-7.57741293e+06]
 [-7.90322130e+06]
 [-5.48601978e+06]
 [-7.84054791e+06]
 [-1.16301724e+07]
 [-1.19559808e+07]
 [-1.22817892e+07]
 [-1.25739846e+07]
 [-6.38453697e+06]
 [-6.38453697e+06]
 [-1.25739846e+07]
 [-1.31644632e+07]
 [-1.37265240e+07]
 [-1.42897715e+07]]