Reacoes de apoio [N]
[[ 0.        ]
 [ 0.        ]
 [-3.35360173]
 [-2.26992167]
 [ 0.        ]
 [ 0.        ]
 [ 0.        ]
 [ 0.        ]
 [-4.22619644]
 [ 5.45707615]
 [ 0.        ]
 [ 0.        ]
 [ 0.        ]
 [ 0.        ]
 [ 0.        ]
 [ 0.        ]
 [ 0.        ]
 [ 0.        ]
 [-9.69308087]
 [14.90409147]
 [ 0.        ]
 [ 0.        ]
 [ 0.        ]
 [ 0.        ]
 [ 0.        ]
 [ 0.        ]
 [16.90478574]
 [56.43314444]
 [ 0.36809329]
 [ 0.47560961]
 [ 0.        ]
 [ 0.        ]
 [ 0.        ]
 [ 0.        ]
 [ 0.        ]
 [ 0.        ]
 [ 0.        ]
 [ 0.        ]
 [ 0.        ]
 [ 0.        ]
 [ 0.        ]
 [ 0.        ]
 [ 0.        ]
 [ 0.        ]
 [ 0.        ]
 [ 0.        ]]
        
Deslocamentos [m]
[[ 0.00000000e+00]
 [ 0.00000000e+00]
 [ 0.00000000e+00]
 [ 0.00000000e+00]
 [ 2.84491401e-06]
 [-1.15061032e-06]
 [ 2.94093736e-06]
 [-1.53480037e-06]
 [ 0.00000000e+00]
 [ 0.00000000e+00]
 [ 5.05161515e-07]
 [-7.28692978e-06]
 [ 3.19031470e-07]
 [-3.71084093e-07]
 [ 2.34727810e-06]
 [-1.38229087e-06]
 [ 2.02790037e-06]
 [-6.53300826e-07]
 [ 0.00000000e+00]
 [ 0.00000000e+00]
 [ 3.57316236e-06]
 [-1.65006555e-06]
 [ 2.69814206e-06]
 [-6.32902234e-07]
 [ 0.00000000e+00]
 [ 0.00000000e+00]
 [ 0.00000000e+00]
 [ 0.00000000e+00]
 [ 0.00000000e+00]
 [ 0.00000000e+00]
 [ 9.55908212e-07]
 [-1.47228783e-07]
 [ 1.27516020e-06]
 [-9.66944786e-07]
 [ 2.64440275e-06]
 [-1.22446941e-06]
 [ 2.67606152e-06]
 [-1.10122178e-06]
 [-1.69047857e-06]
 [-2.73496357e-06]
 [ 2.31481817e-06]
 [ 6.24604890e-08]
 [ 3.18983847e-06]
 [-3.20835899e-06]
 [ 3.16887996e-06]
 [-1.43973832e-06]]
        
Deformacoes []
[[ 3.98918986e-06]
 [ 3.99351951e-06]
 [ 6.31451894e-06]
 [ 1.09377538e-05]
 [ 1.20029180e-06]
 [ 0.00000000e+00]
 [ 3.99064982e-06]
 [-3.95734660e-07]
 [ 4.22619644e-05]
 [ 6.55596518e-06]
 [ 1.09377538e-05]
 [ 0.00000000e+00]
 [-3.25774649e-06]
 [ 1.75507004e-06]
 [ 3.24371352e-07]
 [-5.35263659e-06]
 [-8.93174348e-06]
 [-3.26232080e-06]
 [-3.45110187e-05]
 [ 4.38295053e-06]
 [-8.93174348e-06]
 [ 0.00000000e+00]
 [-1.50353162e-06]
 [ 5.01372443e-06]
 [ 4.69392629e-06]
 [-6.65574494e-06]
 [-1.20083815e-05]
 [-2.09401250e-05]
 [ 1.72555093e-05]
 [-1.72555093e-05]
 [ 2.41981766e-05]
 [ 0.00000000e+00]
 [-1.41082861e-04]
 [ 1.52664332e-05]
 [ 6.33468969e-06]
 [ 9.81342066e-07]
 [-9.81342066e-07]
 [-9.81342066e-07]
 [ 9.81342066e-07]
 [ 6.57683900e-07]
 [ 3.91809464e-06]
 [ 7.17758988e-06]
 [ 0.00000000e+00]
 [ 0.00000000e+00]]

Forcas internas [N]
[[  1.59567595]
 [  1.59740781]
 [  2.52580758]
 [  4.37510151]
 [  0.48011672]
 [  0.        ]
 [  1.59625993]
 [ -0.15829386]
 [ 16.90478574]
 [  2.62238607]
 [  4.37510151]
 [  0.        ]
 [ -1.3030986 ]
 [  0.70202802]
 [  0.12974854]
 [ -2.14105464]
 [ -3.57269739]
 [ -1.30492832]
 [-13.80440747]
 [  1.75318021]
 [ -3.57269739]
 [  0.        ]
 [ -0.60141265]
 [  2.00548977]
 [  1.87757052]
 [ -2.66229797]
 [ -4.80335261]
 [ -8.37605   ]
 [  6.90220374]
 [ -6.90220374]
 [  9.67927066]
 [  0.        ]
 [-56.43314444]
 [  6.10657327]
 [  2.53387587]
 [  0.39253683]
 [ -0.39253683]
 [ -0.39253683]
 [  0.39253683]
 [  0.26307356]
 [  1.56723786]
 [  2.87103595]
 [  0.        ]
 [  0.        ]]

Tensoes internas [Pa]
[[  15956.75945477]
 [  15974.07805093]
 [  25258.07576743]
 [  43751.01508668]
 [   4801.16720889]
 [      0.        ]
 [  15962.59929153]
 [  -1582.93864007]
 [ 169047.85744562]
 [  26223.86073837]
 [  43751.01508668]
 [      0.        ]
 [ -13030.98596691]
 [   7020.28017482]
 [   1297.48540761]
 [ -21410.54637222]
 [ -35726.97392536]
 [ -13049.28320966]
 [-138044.07470621]
 [  17531.80213845]
 [ -35726.97392536]
 [      0.        ]
 [  -6014.12649805]
 [  20054.89770458]
 [  18775.70515772]
 [ -26622.97974985]
 [ -48033.52612207]
 [ -83760.50004743]
 [  69022.0373531 ]
 [ -69022.0373531 ]
 [  96792.70659235]
 [      0.        ]
 [-564331.44440804]
 [  61065.73266698]
 [  25338.75874162]
 [   3925.36826292]
 [  -3925.36826292]
 [  -3925.36826292]
 [   3925.36826292]
 [   2630.73560021]
 [  15672.37855444]
 [  28710.35951844]
 [      0.        ]
 [      0.        ]]