Reacoes de apoio [N]
[[ -75920.47431187]
 [-100000.        ]
 [      0.        ]
 [ 140000.        ]
 [  24079.52568813]
 [      0.        ]
 [  35840.94862374]
 [      0.        ]
 [      0.        ]
 [      0.        ]
 [      0.        ]
 [      0.        ]
 [      0.        ]
 [      0.        ]
 [      0.        ]
 [      0.        ]
 [      0.        ]
 [      0.        ]
 [      0.        ]
 [      0.        ]
 [      0.        ]
 [      0.        ]
 [      0.        ]
 [      0.        ]
 [      0.        ]
 [      0.        ]
 [      0.        ]
 [      0.        ]]
        
Deslocamentos [m]
[[ 0.00000000e+00]
 [ 0.00000000e+00]
 [-5.73322040e-06]
 [ 0.00000000e+00]
 [ 0.00000000e+00]
 [-1.46861548e-04]
 [ 0.00000000e+00]
 [-2.70653640e-04]
 [ 0.00000000e+00]
 [-3.94861941e-04]
 [ 1.15167507e-04]
 [-3.94861941e-04]
 [ 2.37886158e-04]
 [-3.98019163e-04]
 [ 3.62337385e-04]
 [-4.00400115e-04]
 [ 3.60432623e-04]
 [-2.77668319e-04]
 [ 2.32010036e-04]
 [-1.52437592e-04]
 [ 8.92103955e-05]
 [-2.18668925e-05]
 [ 1.08696336e-04]
 [-1.46861548e-04]
 [ 1.11931921e-04]
 [-2.72794392e-04]
 [ 2.35205127e-04]
 [-2.74935144e-04]]
        
Deformacoes []
[[-5.73322040e-06]
 [ 5.73322040e-06]
 [ 0.00000000e+00]
 [ 0.00000000e+00]
 [ 0.00000000e+00]
 [-3.15722169e-06]
 [-2.38095238e-06]
 [ 1.90476190e-06]
 [ 1.59592954e-06]
 [ 6.11447065e-06]
 [ 3.36717515e-05]
 [-2.18668925e-05]
 [-4.52039731e-06]
 [-1.09781058e-06]
 [-1.62159961e-05]
 [ 0.00000000e+00]
 [ 7.54787784e-06]
 [ 3.23558549e-06]
 [-7.82401994e-07]
 [-5.57604344e-06]
 [ 1.94859401e-05]
 [-2.14075201e-06]
 [-2.14075201e-06]
 [-2.73317567e-06]
 [ 3.19509106e-06]
 [ 3.23558549e-06]
 [ 2.68103121e-06]
 [-5.54115800e-08]]

Forcas internas [N]
[[-24079.52568813]
 [ 24079.52568813]
 [     0.        ]
 [     0.        ]
 [     0.        ]
 [-13260.33108402]
 [-10000.        ]
 [  8000.        ]
 [  6702.90406214]
 [ 25680.77673614]
 [141421.35623731]
 [-91840.94862374]
 [-18985.66869642]
 [ -4610.80443685]
 [-68107.18360734]
 [     0.        ]
 [ 31701.08693558]
 [ 13589.45907718]
 [ -3286.08837402]
 [-23419.38246028]
 [ 81840.94862374]
 [ -8991.15846253]
 [ -8991.15846253]
 [-11479.33783196]
 [ 13419.38246028]
 [ 13589.45907718]
 [ 11260.33108402]
 [  -232.72863584]]

Tensoes internas [Pa]
[[-1203976.28440666]
 [ 1203976.28440666]
 [       0.        ]
 [       0.        ]
 [       0.        ]
 [ -663016.55420094]
 [ -499999.99999999]
 [  400000.00000001]
 [  335145.20310696]
 [ 1284038.83680724]
 [ 7071067.81186562]
 [-4592047.43118682]
 [ -949283.4348211 ]
 [ -230540.22184227]
 [-3405359.18036692]
 [       0.        ]
 [ 1585054.34677914]
 [  679472.95385914]
 [ -164304.41870097]
 [-1170969.12301421]
 [ 4092047.43118682]
 [ -449557.92312672]
 [ -449557.9231267 ]
 [ -573966.89159814]
 [  670969.12301422]
 [  679472.95385914]
 [  563016.55420092]
 [  -11636.43179222]]